sound_id,ground_truth,prediction,prediction_score
358405,is-w,is-w,0.997
358760,is-w,is-w,0.9773
38633,is-p,is-p,0.7649
318557,fx-o,fx-o,0.9853
74217,fx-n,fx-n,0.9813
386297,fx-m,fx-o,0.8619
55511,fx-n,ss-n,0.7512
353550,fx-h,fx-ex,0.9619
380164,m-sp,m-sp,0.968
15171,fx-ex,fx-ex,0.6463
5163,m-sp,m-sp,0.9658
193747,sp-p,sp-p,0.9519
153632,is-s,is-s,0.9935
50191,sp-c,fx-h,0.9312
107519,ss-n,ss-n,0.7803
87778,sp-s,sp-s,0.9642
38217,fx-ex,fx-ex,0.6332
173110,fx-o,fx-m,0.5274
137462,is-p,is-p,0.9985
121346,fx-o,fx-o,0.6939
196065,fx-h,fx-h,0.9924
117981,is-p,is-p,0.9973
96991,ss-s,ss-s,0.9935
57023,fx-o,fx-o,0.9519
9235,ss-u,ss-u,0.5536
391293,sp-s,sp-s,0.5317
101460,ss-n,ss-n,0.7288
36554,fx-n,fx-n,0.8437
102007,m-sp,m-sp,0.9794
374877,is-w,is-w,0.9975
122065,ss-u,fx-v,0.9814
146197,fx-n,ss-n,0.86
173946,ss-i,fx-o,0.9705
71754,ss-n,ss-n,0.6574
27689,ss-u,ss-u,0.889
248622,is-w,is-w,0.997
1076,fx-ex,sp-p,0.9414
62118,fx-n,fx-o,0.4844
347315,fx-n,fx-el,0.5295
57587,fx-h,fx-h,0.9918
82540,ss-u,fx-v,0.9202
138116,fx-o,fx-o,0.9652
167264,sp-s,sp-p,0.3666
51027,ss-n,ss-n,0.8498
42343,fx-ex,sp-p,0.9872
236509,sp-s,sp-s,0.9943
97311,fx-ex,fx-ex,0.8478
119317,is-w,is-w,0.9964
156723,sp-s,sp-s,0.9812
94243,sp-p,fx-ex,0.9858
3046,is-e,is-p,0.7775
139301,m-m,is-p,0.7623
353397,is-e,is-p,0.9967
248386,is-w,is-w,0.9967
99796,fx-o,fx-o,0.8784
180749,ss-n,ss-n,0.8309
356450,is-w,is-w,0.9958
3090,m-si,m-si,0.3863
129159,m-sp,m-sp,0.9465
164925,ss-n,ss-n,0.6676
3909,is-e,is-e,0.8635
240674,sp-s,sp-p,0.542
137412,fx-o,fx-o,0.9815
54944,fx-n,ss-n,0.8572
117236,fx-v,ss-u,0.5674
81855,fx-o,fx-o,0.9961
16671,fx-h,fx-h,0.8551
176245,ss-u,ss-u,0.9224
127362,ss-u,fx-v,0.8839
183735,is-e,is-s,0.9847
26,fx-o,fx-o,0.7602
110689,ss-u,ss-n,0.6207
39710,fx-a,fx-a,0.5997
397937,is-s,m-si,0.9477
390721,fx-o,fx-o,0.8216
33718,ss-n,ss-n,0.8984
416732,ss-i,fx-o,0.8831
157643,fx-n,ss-n,0.7313
23923,is-s,is-s,0.987
50267,fx-h,fx-h,0.5256
374737,is-w,is-w,0.997
339927,ss-u,ss-u,0.8449
355292,is-w,is-w,0.9966
171473,fx-n,ss-n,0.8142
31942,m-sp,m-sp,0.9849
155226,ss-u,ss-u,0.7669
218876,fx-n,fx-n,0.951
101602,fx-o,fx-o,0.9083
339369,fx-o,fx-o,0.9585
152711,ss-u,ss-u,0.6786
17696,m-si,m-si,0.913
326335,fx-m,fx-m,0.68
96956,ss-n,ss-n,0.8936
25610,is-p,is-p,0.995
121206,sp-p,sp-p,0.9599
7313,ss-u,fx-o,0.8523
186489,fx-o,fx-o,0.5785
379754,fx-n,fx-n,0.6715
57509,fx-o,fx-o,0.995
146867,ss-u,sp-c,0.6727
277547,fx-h,fx-h,0.9793
86922,m-sp,m-sp,0.7243
255856,fx-h,fx-h,0.9682
47679,fx-o,fx-o,0.9699
148941,ss-u,ss-u,0.5745
41691,ss-s,ss-s,0.3234
50123,ss-u,ss-n,0.8122
151994,fx-o,fx-o,0.9945
491167,m-si,m-si,0.9564
117566,fx-el,fx-o,0.5473
243780,ss-n,fx-n,0.9431
354037,fx-h,fx-h,0.9945
173605,fx-o,fx-o,0.9929
61747,sp-s,sp-s,0.9933
3467,fx-ex,sp-p,0.949
244979,fx-el,fx-a,0.5284
146554,is-p,is-p,0.9977
53691,ss-u,ss-i,0.8178
157735,fx-n,fx-n,0.954
72152,m-si,m-si,0.925
155234,ss-u,ss-u,0.9934
132802,fx-h,fx-h,0.989
2705,m-m,m-sp,0.7812
118748,m-sp,m-sp,0.5939
86934,ss-u,ss-u,0.8033
421723,fx-h,fx-h,0.9845
78747,m-m,m-sp,0.6949
120667,sp-p,sp-p,0.9911
81349,ss-s,ss-s,0.9924
116229,ss-n,fx-a,0.6731
79145,fx-n,fx-n,0.9069
143868,is-p,is-p,0.9987
5785,ss-s,is-e,0.8112
233410,fx-o,fx-o,0.9947
158601,ss-u,ss-u,0.9919
37209,fx-n,fx-n,0.5143
21412,fx-n,ss-u,0.6084
86720,m-m,m-si,0.3819
170786,sp-c,fx-h,0.9857
153166,ss-u,ss-i,0.5215
68705,fx-o,fx-o,0.9953
147164,sp-p,sp-p,0.9866
264611,sp-s,sp-s,0.9707
15961,fx-m,fx-m,0.6447
41087,m-m,m-sp,0.5928
108772,ss-n,ss-n,0.7328
189416,sp-s,sp-s,0.9974
17133,ss-u,ss-u,0.5181
148547,is-k,is-k,0.9394
53798,fx-m,fx-m,0.8866
13315,is-p,is-p,0.9958
156785,sp-s,sp-s,0.9952
190101,fx-n,fx-n,0.987
463592,m-sp,m-sp,0.5948
109122,fx-o,fx-o,0.9929
78523,is-p,fx-m,0.8895
361089,sp-s,sp-s,0.9945
71812,fx-o,fx-o,0.9974
43542,ss-s,m-si,0.3674
348385,m-si,m-si,0.972
200960,m-sp,m-sp,0.7523
20694,fx-n,ss-n,0.822
50912,fx-o,fx-o,0.9932
29476,fx-el,fx-el,0.97
85958,sp-s,sp-s,0.408
242688,sp-s,sp-s,0.9474
73282,fx-n,fx-n,0.7765
187662,fx-n,ss-u,0.4884
38329,is-e,is-e,0.9534
114098,sp-p,sp-p,0.85
142905,sp-c,sp-c,0.9533
459706,m-m,m-m,0.9757
10661,is-s,is-s,0.9747
105945,is-e,is-e,0.9964
127113,ss-n,ss-n,0.7923
102864,ss-u,sp-c,0.339
14009,is-p,is-p,0.5689
340910,fx-o,fx-o,0.984
11066,is-w,is-w,0.9965
232618,m-si,is-e,0.517
366177,fx-h,fx-ex,0.998
210734,sp-s,sp-s,0.8568
218889,fx-o,fx-o,0.826
372783,is-s,is-s,0.9833
25232,is-e,fx-el,0.873
5804,m-m,is-e,0.5965
369358,is-s,is-s,0.989
41862,fx-o,fx-h,0.9261
265311,fx-o,fx-o,0.9318
151711,sp-p,sp-p,0.9484
136878,fx-m,fx-m,0.9259
153620,is-s,is-s,0.9909
246958,is-w,is-w,0.998
77742,fx-o,fx-m,0.9651
214697,m-si,m-si,0.5649
133230,fx-a,fx-a,0.9099
382220,m-m,m-sp,0.5701
277103,is-k,is-k,0.9112
37178,fx-o,fx-o,0.9771
40846,sp-s,sp-s,0.9854
35140,fx-a,fx-a,0.7956
127446,is-e,fx-el,0.9701
87130,ss-u,ss-u,0.9443
239671,is-s,is-s,0.9703
48322,is-s,is-s,0.983
159543,fx-v,ss-u,0.7848
30041,fx-h,fx-h,0.9614
168671,fx-ex,m-m,0.9732
68729,fx-n,fx-n,0.9627
92943,sp-s,sp-s,0.996
355102,is-w,is-w,0.9976
83494,fx-o,fx-o,0.9894
57598,ss-u,ss-u,0.9712
39,fx-o,fx-o,0.9409
69159,fx-o,fx-m,0.8436
210602,sp-s,sp-s,0.9753
358391,is-w,is-w,0.9962
127644,fx-n,fx-n,0.5005
53474,fx-v,fx-m,0.6732
15929,fx-h,sp-s,0.3523
113263,is-e,is-e,0.7474
144260,fx-n,fx-n,0.6079
154029,is-s,is-s,0.9915
86729,fx-m,ss-u,0.8327
76449,fx-n,ss-n,0.9375
3949,fx-el,fx-el,0.604
96091,is-p,is-p,0.9956
32169,fx-h,sp-s,0.5678
120384,ss-u,ss-u,0.7805
32547,sp-p,fx-ex,0.9472
90351,ss-u,ss-u,0.4936
60802,fx-h,fx-h,0.9888
28672,fx-ex,fx-ex,0.9558
121301,ss-n,ss-n,0.9964
57496,fx-o,fx-o,0.994
411917,fx-n,fx-n,0.9668
15474,fx-v,ss-u,0.6273
166958,fx-n,fx-n,0.9399
111030,ss-n,ss-n,0.4958
214989,fx-h,fx-h,0.9853
69760,fx-n,ss-n,0.7669
90258,sp-p,fx-ex,0.56
111038,ss-n,fx-a,0.7271
399464,m-m,m-m,0.9923
29335,fx-el,fx-el,0.9649
174024,ss-u,ss-u,0.8598
60782,fx-h,fx-h,0.9928
176251,ss-u,fx-n,0.4819
22887,sp-s,sp-s,0.9975
355000,is-w,is-w,0.9969
316443,fx-h,sp-s,0.8536
96825,sp-s,sp-s,0.9958
141160,ss-u,ss-u,0.7116
341509,ss-i,sp-c,0.4746
97635,is-s,is-s,0.9394
166216,fx-n,ss-n,0.6029
149877,ss-u,ss-u,0.9469
146257,fx-o,fx-o,0.9692
174860,ss-n,fx-a,0.7584
63063,m-si,m-si,0.6289
73257,fx-o,ss-u,0.3435
55306,m-si,m-m,0.7411
81321,ss-s,ss-s,0.9961
6849,m-m,m-si,0.7623
324057,is-s,is-s,0.9783
100253,ss-n,ss-n,0.9436
80317,ss-u,sp-c,0.8653
248362,is-w,is-w,0.997
36129,m-sp,m-sp,0.9505
65604,fx-m,fx-m,0.9582
108889,sp-s,sp-s,0.9957
339656,is-p,is-p,0.5907
79454,ss-s,ss-s,0.9941
102308,sp-p,sp-s,0.6282
24247,fx-o,fx-o,0.9923
96077,ss-n,fx-n,0.9279
86653,m-sp,m-sp,0.7554
60801,fx-h,fx-h,0.9911
58237,ss-n,ss-n,0.9911
274058,fx-n,fx-n,0.9686
71080,fx-m,fx-m,0.9285
15230,ss-u,fx-h,0.8828
40426,m-si,m-si,0.9455
1830,is-w,is-w,0.992
237063,is-e,is-p,0.9828
23073,m-m,m-m,0.9822
177809,m-si,m-si,0.2768
100632,ss-u,ss-u,0.9738
22779,fx-o,is-p,0.9322
425662,ss-u,fx-a,0.8707
63719,ss-u,ss-i,0.6049
146196,fx-n,ss-n,0.6755
269584,ss-u,sp-c,0.5966
251860,m-si,m-si,0.6844
72302,ss-s,ss-s,0.9925
28747,is-p,is-p,0.998
88408,ss-u,ss-n,0.5867
116617,m-sp,m-sp,0.9747
324192,fx-h,fx-h,0.9937
3253,fx-ex,fx-el,0.2852
269783,is-p,is-p,0.9953
269906,is-p,is-p,0.9975
270130,m-m,m-m,0.5095
11051,is-w,is-w,0.9925
410274,fx-o,fx-o,0.9708
20084,fx-o,fx-o,0.9902
86830,m-sp,m-sp,0.8605
410145,fx-a,m-si,0.2681
3287,is-e,is-e,0.7942
21866,fx-o,fx-o,0.9409
316595,fx-n,fx-n,0.9903
131016,fx-o,fx-o,0.9866
68666,fx-o,fx-o,0.9928
28567,is-k,is-k,0.9172
16121,fx-n,fx-o,0.9418
373193,is-w,is-w,0.9947
24510,is-e,is-e,0.9484
168484,fx-n,fx-n,0.6357
147685,fx-a,fx-a,0.9467
67876,ss-s,ss-s,0.9942
355231,is-w,is-w,0.997
12957,m-sp,m-si,0.7161
167194,fx-o,fx-o,0.986
117001,is-p,is-p,0.9983
84084,is-p,is-p,0.9961
249474,m-sp,m-sp,0.9253
424111,m-sp,m-si,0.813
76555,ss-u,ss-u,0.9843
88914,fx-o,fx-o,0.9897
14951,fx-ex,fx-ex,0.9978
82716,fx-o,fx-o,0.933
179352,ss-u,ss-u,0.5406
249158,fx-o,fx-o,0.9544
391494,is-p,is-p,0.9903
86824,m-sp,m-sp,0.8791
70069,fx-o,fx-o,0.9699
30624,sp-p,sp-p,0.9956
21625,fx-ex,sp-p,0.9753
323725,fx-o,fx-o,0.9915
213565,ss-u,fx-n,0.6854
108443,fx-o,fx-o,0.981
80706,ss-n,ss-n,0.7055
420313,fx-n,fx-n,0.9775
5193,m-sp,m-sp,0.9772
59006,ss-n,ss-n,0.5742
165997,fx-n,fx-n,0.8943
72577,fx-h,fx-h,0.9941
85684,fx-n,fx-n,0.7483
68440,is-k,is-k,0.9084
175417,fx-o,fx-o,0.9762
97287,sp-s,sp-s,0.9838
388056,fx-o,fx-o,0.9884
29302,fx-el,fx-el,0.9923
188084,m-m,m-m,0.9711
142860,is-p,is-p,0.9986
118384,m-si,m-si,0.8431
19247,ss-n,fx-a,0.5654
15746,fx-el,fx-el,0.9958
233617,fx-h,fx-ex,0.8621
153337,fx-o,fx-o,0.991
154698,fx-o,fx-n,0.5628
327661,fx-o,fx-o,0.9895
165166,fx-v,fx-v,0.9509
111033,ss-n,fx-a,0.8638
34663,ss-s,ss-s,0.4665
9224,ss-u,ss-u,0.562
73115,fx-m,fx-m,0.5042
355832,is-s,is-s,0.9879
361045,m-si,m-si,0.9167
244667,fx-ex,fx-ex,0.9831
28933,fx-el,fx-el,0.995
275788,sp-s,sp-s,0.9965
274997,fx-o,fx-o,0.6171
220597,m-sp,m-sp,0.8526
359126,fx-o,fx-o,0.9919
72984,is-e,is-p,0.491
65889,ss-n,ss-n,0.5902
240779,fx-n,fx-n,0.95
45203,m-si,m-si,0.8572
108196,ss-u,ss-u,0.9757
18660,is-p,is-p,0.9761
158592,ss-u,ss-u,0.8355
25293,fx-h,fx-h,0.9887
188825,ss-n,ss-n,0.7813
428781,fx-h,fx-h,0.8704
136666,ss-u,ss-u,0.9898
105964,fx-ex,is-e,0.9819
43259,m-sp,m-sp,0.9652
97032,ss-s,ss-s,0.9914
101409,ss-n,ss-n,0.9477
36534,is-e,is-p,0.9153
102533,m-sp,m-sp,0.9565
465902,m-m,m-m,0.9806
388840,m-sp,m-sp,0.9825
387225,ss-n,ss-n,0.8158
247967,is-s,is-s,0.9875
193842,fx-o,fx-h,0.5119
239751,is-e,is-s,0.9603
410427,fx-o,fx-o,0.5318
15352,fx-o,fx-o,0.9775
76469,fx-h,fx-h,0.9873
416438,is-k,is-k,0.9288
176021,fx-n,fx-n,0.5537
72287,ss-s,ss-s,0.9958
108509,fx-n,fx-n,0.6211
265110,fx-h,fx-h,0.974
337721,fx-h,fx-h,0.99
27256,m-si,m-si,0.6766
20188,fx-o,fx-o,0.8731
386492,sp-s,sp-p,0.7561
5810,ss-s,is-e,0.3254
137418,is-p,is-p,0.9983
42241,is-s,is-s,0.991
47589,fx-ex,m-si,0.3633
79489,ss-s,ss-s,0.9933
126567,m-sp,m-sp,0.9735
395197,fx-h,fx-h,0.9847
6203,fx-el,fx-el,0.5097
199150,m-sp,m-sp,0.8846
28620,is-e,is-k,0.8966
156802,sp-s,sp-s,0.9909
58948,ss-u,ss-n,0.5814
268844,fx-m,fx-m,0.9699
140703,ss-u,ss-u,0.7491
132711,m-si,m-si,0.9099
177252,sp-p,sp-p,0.6583
24810,is-p,m-sp,0.9456
3842,is-e,ss-s,0.5992
124488,fx-n,ss-n,0.8461
132110,ss-u,ss-u,0.994
90022,is-w,is-w,0.9917
10800,is-w,is-w,0.996
31796,ss-u,ss-n,0.3654
354426,is-w,is-w,0.997
5881,m-m,m-m,0.9433
26934,sp-s,sp-s,0.9926
150546,is-p,is-p,0.9984
111018,fx-a,fx-a,0.9538
67041,fx-o,fx-o,0.9919
389640,fx-h,fx-h,0.9821
80613,sp-s,sp-s,0.9922
2266,m-sp,m-sp,0.636
50278,fx-h,fx-h,0.6011
187284,fx-o,fx-o,0.9739
32479,ss-n,fx-a,0.7753
324546,fx-n,fx-el,0.9576
78217,is-p,is-p,0.9972
195597,ss-n,ss-n,0.6316
10872,is-w,is-w,0.9904
50181,sp-c,sp-c,0.9722
667,m-si,m-si,0.9605
360184,is-w,is-w,0.9971
50285,sp-c,fx-h,0.7033
179904,ss-u,ss-u,0.5786
116909,is-w,is-w,0.9822
56033,is-s,is-s,0.9897
64254,is-e,is-e,0.9796
148016,m-sp,m-sp,0.8933
365103,fx-o,fx-o,0.9903
151260,m-sp,m-sp,0.5921
198262,fx-h,fx-h,0.9882
192238,m-m,m-m,0.9932
151596,fx-o,fx-o,0.9961
10131,sp-s,sp-s,0.9889
63327,sp-p,sp-p,0.9644
1261,m-si,is-s,0.9295
373569,is-s,is-s,0.9905
30789,ss-u,fx-v,0.932
147941,ss-u,ss-i,0.4596
242242,fx-h,fx-h,0.9894
52102,fx-v,ss-u,0.9339
45065,is-p,is-p,0.9982
86462,sp-s,sp-s,0.9945
56414,ss-u,ss-u,0.9812
128816,is-s,m-si,0.6882
424123,m-si,m-si,0.8731
29217,fx-el,fx-el,0.9973
50812,sp-p,sp-p,0.491
104805,ss-u,ss-u,0.9716
333421,fx-h,fx-h,0.9911
380803,ss-i,sp-c,0.4936
172088,sp-p,sp-p,0.9938
27978,m-si,m-si,0.9443
67655,sp-s,sp-p,0.9932
21747,fx-h,fx-h,0.9893
373288,is-w,is-w,0.9973
407723,fx-h,fx-h,0.9621
11550,fx-o,fx-o,0.9939
357461,is-w,is-w,0.9981
235100,fx-h,fx-h,0.9862
105360,ss-n,fx-n,0.7266
166133,fx-h,fx-h,0.9604
54636,fx-m,fx-m,0.9731
3889,ss-s,ss-s,0.5035
41981,ss-u,ss-u,0.9732
114120,ss-u,sp-p,0.7325
9557,fx-ex,fx-h,0.9465
161358,sp-s,sp-s,0.8693
50050,ss-u,ss-u,0.9887
168197,fx-o,fx-o,0.9755
50062,fx-n,fx-n,0.6648
10114,sp-s,sp-s,0.9872
145563,fx-o,fx-o,0.9742
104843,fx-n,ss-n,0.7964
30027,fx-h,fx-h,0.9469
163450,fx-o,fx-o,0.994
369961,ss-u,ss-u,0.9829
411018,fx-h,sp-c,0.6895
164178,ss-i,ss-i,0.5307
31648,fx-ex,sp-s,0.9301
325928,fx-m,fx-o,0.5077
61505,m-si,m-si,0.9366
2743,fx-el,fx-el,0.7657
29618,fx-h,fx-h,0.7965
271557,sp-p,ss-u,0.5119
11855,is-e,is-e,0.9529
95956,fx-v,fx-v,0.8968
87654,sp-s,sp-s,0.9939
373638,is-w,is-w,0.9901
164769,fx-ex,m-si,0.5133
38977,ss-u,ss-u,0.9264
326848,fx-o,fx-o,0.9935
354295,is-s,is-s,0.9932
26553,is-p,is-p,0.9956
222461,m-sp,m-m,0.584
209620,ss-n,fx-n,0.7761
5630,is-e,is-e,0.9929
355147,is-w,is-w,0.9966
50299,fx-h,fx-h,0.9908
378687,fx-n,fx-o,0.8866
37956,fx-o,fx-n,0.4968
39209,is-k,is-k,0.926
377344,is-p,is-p,0.9952
247118,is-w,is-w,0.9978
50389,sp-p,sp-p,0.8897
23192,ss-u,ss-i,0.5541
50124,ss-n,ss-n,0.8983
113272,is-p,fx-h,0.6513
326109,fx-o,fx-o,0.8509
373261,is-w,is-w,0.9966
114626,ss-u,sp-c,0.5438
480646,m-sp,m-sp,0.9829
92846,fx-n,fx-n,0.607
426761,sp-c,sp-c,0.8566
30307,ss-u,sp-s,0.5155
218869,fx-h,fx-h,0.9895
219257,m-sp,m-sp,0.957
185055,fx-m,fx-m,0.5779
130532,is-p,is-p,0.9925
341329,fx-v,fx-v,0.315
113387,ss-i,ss-i,0.7256
316797,fx-ex,sp-p,0.6867
344558,fx-o,fx-o,0.9232
188226,fx-o,fx-o,0.9419
359334,is-w,is-w,0.9956
325215,fx-m,fx-o,0.8312
354249,is-s,is-s,0.9889
32201,ss-s,m-m,0.4352
257865,sp-c,sp-c,0.7277
77707,m-si,m-si,0.9398
321768,m-si,m-si,0.8788
53564,m-si,fx-el,0.758
102091,fx-n,fx-n,0.6997
48084,fx-ex,fx-ex,0.6939
248480,is-w,is-w,0.9968
209661,fx-h,fx-h,0.9536
58059,is-s,is-s,0.9893
154000,is-s,is-s,0.9923
166049,fx-h,fx-h,0.9918
214485,m-si,m-si,0.684
49855,ss-i,ss-i,0.4956
19528,m-si,m-si,0.9739
58051,is-s,is-s,0.9713
59974,is-s,is-s,0.4683
344353,fx-o,fx-o,0.9724
5515,fx-el,fx-el,0.9729
78794,fx-v,ss-u,0.9889
29477,fx-el,fx-el,0.9783
387829,sp-s,sp-s,0.9896
40313,is-p,m-sp,0.9856
373365,is-p,is-p,0.9974
26019,is-e,fx-el,0.4773
354393,is-w,is-w,0.9983
275367,is-s,is-e,0.5371
156705,sp-s,sp-s,0.9872
81990,is-e,is-e,0.9914
50718,m-sp,m-sp,0.9616
91746,ss-u,ss-u,0.8727
80821,ss-u,ss-u,0.9501
10090,sp-s,sp-s,0.9837
95629,ss-u,ss-u,0.9728
79051,fx-o,fx-o,0.9811
164617,ss-u,ss-u,0.3717
58604,is-p,is-p,0.9971
179924,fx-h,fx-h,0.5416
48224,is-w,is-w,0.9971
36399,fx-h,fx-h,0.8698
357554,is-w,is-w,0.9978
47338,fx-h,fx-h,0.9862
359205,is-w,is-w,0.9955
77296,m-sp,m-sp,0.991
360188,is-w,is-w,0.9971
49020,ss-u,sp-s,0.3282
467327,m-sp,m-m,0.9808
354904,is-w,is-w,0.9972
4532,m-si,m-sp,0.9527
382669,fx-o,fx-n,0.5332
6233,fx-o,fx-o,0.9752
126543,m-m,m-m,0.9879
390715,fx-o,fx-o,0.9738
340712,fx-m,fx-m,0.9753
18281,fx-h,fx-h,0.9037
117786,ss-u,ss-u,0.9805
270815,fx-o,fx-o,0.8798
115417,ss-u,ss-u,0.9837
183639,m-sp,m-sp,0.9885
20576,ss-n,ss-n,0.6527
4816,is-e,is-e,0.9664
247989,is-s,is-s,0.9878
152092,is-p,is-p,0.9975
51423,fx-o,fx-o,0.8973
238638,fx-h,fx-h,0.9824
102012,m-sp,m-sp,0.9901
88470,fx-o,fx-o,0.9451
83118,is-k,is-k,0.9431
57490,fx-o,fx-o,0.9814
419032,m-sp,m-sp,0.9898
251765,sp-c,sp-p,0.5426
415454,is-s,m-si,0.58
60805,fx-h,fx-h,0.9908
267451,sp-s,sp-s,0.6981
250526,fx-o,fx-o,0.9617
345261,m-sp,m-sp,0.8161
209920,is-e,fx-m,0.5993
105303,fx-n,fx-n,0.8551
5185,m-sp,m-sp,0.9355
372687,is-w,is-w,0.9969
70270,fx-m,fx-m,0.9268
196010,m-si,m-si,0.9607
266496,is-s,is-s,0.9849
80834,fx-n,fx-n,0.8448
144191,fx-o,fx-o,0.9867
373184,is-w,is-w,0.9961
118898,ss-n,ss-n,0.7771
270133,is-p,is-p,0.9978
273787,is-p,is-p,0.9952
83873,fx-o,fx-m,0.8669
18879,fx-h,fx-h,0.3021
15225,ss-n,ss-n,0.5729
1173,m-sp,m-sp,0.9759
477082,m-si,m-si,0.901
321290,fx-o,fx-o,0.9925
359067,is-w,is-w,0.9726
358261,is-s,is-s,0.989
241578,sp-s,sp-s,0.9929
397010,fx-h,fx-h,0.9838
37241,fx-h,fx-h,0.9918
416430,is-k,is-k,0.938
45437,fx-h,fx-n,0.5993
39876,fx-n,fx-n,0.9656
382591,fx-n,fx-el,0.5088
18663,ss-n,ss-n,0.8104
54902,fx-m,fx-m,0.8673
41793,is-e,m-si,0.8718
142867,is-p,is-p,0.9984
103614,is-p,is-p,0.969
424847,m-si,m-si,0.4646
458035,m-sp,m-sp,0.8982
200926,m-m,m-sp,0.9413
477305,m-si,m-m,0.6605
52268,fx-o,fx-o,0.9435
338088,fx-n,fx-n,0.9848
220594,m-m,m-sp,0.9345
267954,fx-o,fx-o,0.9851
13906,is-p,fx-o,0.936
349240,fx-o,fx-o,0.9899
424791,ss-u,ss-u,0.9093
3814,sp-s,sp-s,0.9882
109192,fx-o,fx-n,0.5958
68013,fx-el,m-si,0.5924
257858,fx-a,fx-a,0.9659
356039,is-s,is-s,0.984
200631,is-p,is-p,0.997
183055,is-s,is-s,0.9861
354258,is-s,is-s,0.985
377386,is-p,is-p,0.9979
119680,is-w,is-w,0.9961
352066,fx-o,fx-o,0.997
28924,fx-el,fx-el,0.9879
222923,is-p,is-p,0.6411
36774,is-p,is-p,0.9957
276826,is-p,is-p,0.9969
404053,m-si,is-e,0.8871
370941,m-m,m-m,0.4809
188717,m-si,m-si,0.9446
86441,sp-s,sp-s,0.9957
231686,fx-n,fx-n,0.529
45923,sp-c,sp-p,0.3544
402801,fx-h,fx-h,0.6959
109087,ss-n,ss-n,0.7564
81909,fx-m,fx-m,0.618
34195,ss-n,ss-n,0.6423
141191,sp-p,sp-s,0.9817
58665,fx-h,fx-h,0.9854
72963,sp-s,sp-s,0.9974
105637,is-e,is-e,0.9974
97649,is-s,is-s,0.9728
66432,fx-v,fx-v,0.8964
61772,sp-s,sp-s,0.9943
88971,fx-o,fx-o,0.9621
132951,fx-o,fx-o,0.9693
117089,fx-v,fx-o,0.8863
121369,fx-ex,fx-m,0.5762
63921,fx-a,ss-n,0.7105
99435,fx-a,ss-n,0.7043
213375,fx-ex,fx-el,0.5488
122299,m-sp,m-sp,0.9567
334093,m-si,m-si,0.809
112270,sp-c,fx-h,0.8308
50183,fx-h,fx-h,0.4771
24115,m-sp,m-sp,0.5242
37284,m-si,m-si,0.6921
53296,m-m,m-m,0.656
28410,m-sp,m-sp,0.536
124276,m-sp,m-sp,0.9761
261413,is-p,is-p,0.9986
249080,is-w,is-w,0.9972
58364,ss-n,ss-u,0.526
33542,ss-u,ss-u,0.5146
92969,sp-s,sp-s,0.9976
114124,ss-u,ss-u,0.5521
93876,sp-s,sp-s,0.9961
107722,sp-s,sp-s,0.9941
72300,ss-s,ss-s,0.996
107606,ss-u,ss-i,0.5134
68898,fx-o,fx-o,0.9845
85722,fx-o,fx-o,0.7883
421832,ss-u,fx-h,0.8048
166182,fx-ex,sp-p,0.9525
116669,sp-p,sp-p,0.912
92971,sp-s,sp-s,0.9987
109934,sp-s,sp-s,0.9977
39327,m-sp,m-sp,0.9906
359799,is-w,is-w,0.9983
84063,is-p,is-p,0.9986
372674,is-w,is-w,0.997
28597,is-k,is-k,0.9241
20458,m-m,m-sp,0.6847
366957,fx-o,fx-o,0.9759
15422,fx-o,fx-m,0.5735
176136,ss-u,ss-u,0.8201
184203,fx-h,fx-h,0.9689
88836,fx-o,fx-o,0.9813
414260,fx-o,fx-m,0.8412
219488,fx-o,fx-o,0.5277
64804,m-si,m-si,0.7051
221843,m-m,m-sp,0.8713
344666,fx-m,fx-o,0.5477
316572,fx-n,fx-n,0.983
33303,fx-m,fx-el,0.9775
92948,sp-s,sp-s,0.9976
26275,ss-u,ss-u,0.9409
236668,sp-s,sp-s,0.9953
57735,ss-u,ss-u,0.5033
321785,fx-n,ss-u,0.7975
246661,is-w,is-w,0.9979
3952,fx-el,fx-el,0.8347
357511,is-w,is-w,0.9978
144556,fx-n,fx-n,0.4963
173893,ss-u,ss-u,0.7338
84746,fx-h,fx-h,0.989
115569,sp-p,sp-p,0.9793
18881,fx-ex,fx-h,0.3284
201203,fx-h,fx-h,0.4771
136275,sp-c,ss-u,0.5311
105406,m-si,m-si,0.9345
38388,fx-n,fx-n,0.7367
54269,fx-o,fx-o,0.9719
274480,fx-m,fx-m,0.8497
156183,fx-o,fx-o,0.9947
189695,sp-c,ss-i,0.4609
62849,fx-m,fx-m,0.8027
302523,m-si,m-si,0.972
88446,m-si,fx-h,0.6016
187586,fx-a,fx-a,0.9658
164375,ss-u,ss-i,0.4805
118944,ss-u,ss-i,0.659
104322,fx-n,ss-n,0.8476
210666,is-p,is-p,0.9974
138905,is-p,is-p,0.9987
65655,is-k,is-k,0.9329
10730,is-w,is-w,0.9864
96984,ss-s,ss-s,0.9954
360620,fx-h,fx-h,0.8715
86469,sp-s,sp-s,0.9881
424295,ss-u,fx-h,0.8593
142652,is-p,is-p,0.9986
84028,is-p,is-p,0.9983
82932,fx-m,fx-m,0.9841
110107,fx-v,fx-v,0.9472
134846,fx-n,fx-o,0.7628
14945,fx-ex,fx-ex,0.9981
182557,m-si,is-w,0.7678
394142,m-si,m-si,0.9209
252808,fx-h,fx-h,0.7261
46682,fx-ex,fx-el,0.2644
441156,m-m,m-sp,0.9103
373731,is-w,is-k,0.9587
33148,m-sp,is-p,0.9847
110123,ss-u,ss-n,0.9155
80789,ss-n,ss-n,0.6244
242262,is-p,fx-o,0.6648
89438,ss-n,ss-n,0.4084
263668,fx-ex,fx-ex,0.8126
23998,sp-s,sp-s,0.9626
56513,ss-n,fx-a,0.6877
86429,sp-s,sp-s,0.9927
185529,ss-n,ss-n,0.9856
96174,ss-n,ss-n,0.9713
148813,ss-u,ss-i,0.7892
427795,m-sp,m-sp,0.7974
120110,m-si,m-si,0.9557
198248,fx-h,fx-h,0.9877
136304,ss-s,ss-s,0.6302
236455,sp-s,sp-s,0.9958
146640,is-p,is-p,0.9977
391290,fx-h,fx-h,0.9897
151981,fx-o,fx-o,0.9933
164658,fx-o,fx-o,0.6066
61515,sp-c,sp-p,0.3354
28165,ss-u,ss-u,0.9399
355016,is-w,is-w,0.9976
193344,m-sp,m-sp,0.9827
92062,m-sp,m-sp,0.9516
12672,m-si,m-si,0.8721
372842,is-s,is-s,0.98
270720,m-si,m-m,0.844
19188,fx-h,fx-h,0.9701
360462,fx-o,fx-o,0.7926
137909,sp-p,sp-p,0.9841
148607,is-k,is-k,0.9448
371913,fx-n,fx-n,0.8348
125063,fx-o,fx-o,0.9877
328761,fx-m,fx-m,0.9243
187267,fx-n,fx-n,0.5009
166950,fx-n,fx-n,0.9042
374393,is-s,is-s,0.9854
249008,is-w,is-w,0.9966
358016,is-s,is-s,0.9869
247139,is-w,is-w,0.9985
355961,is-s,is-s,0.9743
359435,is-w,is-w,0.9935
85362,fx-a,sp-s,0.8023
145481,sp-p,sp-p,0.7963
33447,fx-a,fx-a,0.9428
325657,fx-o,fx-o,0.9852
169282,ss-n,ss-n,0.7936
60475,fx-o,fx-o,0.9346
38250,ss-n,fx-n,0.982
82177,m-si,m-si,0.8493
146487,is-p,is-p,0.9975
358197,is-s,is-s,0.9844
384069,is-w,m-si,0.5574
61915,fx-ex,fx-ex,0.9943
104670,fx-o,fx-n,0.8622
362503,sp-s,sp-s,0.99
75021,is-p,is-p,0.998
419027,m-sp,m-sp,0.9903
426039,m-sp,m-sp,0.9875
109574,fx-o,fx-o,0.9015
240096,m-sp,m-sp,0.9754
1283,m-si,m-si,0.9319
491279,m-sp,m-sp,0.9856
49084,fx-v,fx-v,0.9742
155282,ss-u,ss-u,0.6076
170102,m-si,m-si,0.6289
171596,m-si,m-si,0.9622
414085,m-si,m-m,0.3956
239136,sp-s,sp-s,0.7339
219259,is-p,is-p,0.9971
148252,is-s,is-s,0.9633
85804,is-p,is-p,0.9679
153595,is-s,is-s,0.9926
354373,is-w,is-w,0.998
115929,fx-ex,sp-p,0.9654
376036,m-sp,m-sp,0.9507
3891,fx-el,is-e,0.785
108928,fx-h,fx-h,0.9914
104003,fx-o,fx-o,0.9908
91081,sp-s,sp-s,0.9931
381275,fx-h,fx-h,0.9888
408487,fx-m,fx-m,0.6228
26937,sp-s,sp-s,0.9925
54455,is-e,is-e,0.9582
155573,fx-o,fx-o,0.904
28915,fx-el,is-e,0.9823
117625,fx-n,ss-n,0.6652
100843,ss-i,ss-i,0.4883
123691,ss-u,ss-u,0.9869
179339,fx-h,fx-h,0.8837
47874,fx-h,fx-h,0.8378
411919,is-p,m-sp,0.9755
13640,is-e,is-e,0.9712
252712,sp-s,sp-s,0.9986
196071,fx-h,fx-h,0.9894
68058,sp-c,fx-h,0.9871
28056,m-si,m-si,0.6884
141826,fx-o,fx-o,0.7185
335518,fx-o,fx-o,0.9784
168028,fx-el,fx-o,0.8542
87680,sp-s,fx-h,0.6919
66284,m-m,m-si,0.4685
135846,fx-m,fx-o,0.7365
162025,sp-s,sp-s,0.7527
360851,sp-s,sp-s,0.8668
373276,is-w,is-w,0.9936
261038,is-e,is-e,0.8782
373604,is-w,is-w,0.9967
414615,is-p,is-p,0.997
105873,m-si,m-si,0.5247
19155,fx-h,fx-h,0.8825
113090,sp-p,sp-s,0.6275
4281,is-s,is-s,0.9806
103193,fx-o,fx-m,0.3446
28628,is-k,is-k,0.9363
58052,is-s,is-s,0.9939
19822,m-sp,m-sp,0.9856
248444,is-w,is-w,0.9966
327432,fx-o,fx-h,0.9746
110162,fx-h,fx-ex,0.8782
29321,fx-el,fx-el,0.8677
158772,is-w,fx-a,0.8463
246887,is-s,is-s,0.9864
240347,m-m,m-m,0.5262
35441,m-si,fx-el,0.8345
151591,fx-o,fx-o,0.997
58907,m-sp,m-sp,0.9098
44615,sp-p,sp-p,0.9885
87315,ss-u,ss-i,0.8086
114111,sp-p,sp-p,0.8694
142655,is-p,is-p,0.9987
333403,fx-h,fx-h,0.9938
368431,fx-o,fx-o,0.9767
61231,m-sp,m-sp,0.8373
105291,fx-m,fx-m,0.9166
190028,m-m,m-m,0.9771
9548,fx-h,fx-h,0.9919
216009,fx-o,ss-i,0.7479
20620,fx-el,fx-ex,0.7555
109126,m-sp,m-sp,0.7653
15922,fx-h,fx-h,0.7466
82816,ss-u,ss-i,0.7165
357171,is-w,is-w,0.9969
184798,ss-n,ss-n,0.9102
10133,sp-s,sp-s,0.9877
61562,is-p,is-p,0.9982
1263,m-si,is-s,0.9598
69726,fx-o,fx-el,0.7037
89895,fx-o,fx-o,0.9839
406243,fx-o,fx-o,0.941
428989,fx-h,fx-h,0.9762
239659,is-s,is-s,0.9831
343165,fx-a,fx-a,0.4942
1375,m-m,m-m,0.9525
157018,fx-h,fx-h,0.9486
23667,is-p,is-p,0.5178
79449,ss-s,ss-s,0.9962
233830,m-sp,m-sp,0.7943
114188,fx-o,fx-o,0.994
410678,is-p,is-p,0.4377
160306,ss-s,is-e,0.9948
105924,is-e,is-e,0.9921
34180,ss-u,ss-n,0.773
29193,fx-el,fx-el,0.9625
104766,m-si,ss-s,0.9201
137121,sp-s,sp-p,0.9455
117223,sp-p,sp-p,0.9467
30987,fx-h,fx-h,0.9825
48315,is-s,is-s,0.9829
58510,ss-i,ss-i,0.6029
18880,is-e,fx-h,0.6741
1053,fx-a,ss-n,0.7666
377266,sp-s,sp-s,0.9923
359706,is-w,is-w,0.997
153552,ss-u,ss-u,0.9307
212703,m-sp,m-sp,0.982
165746,fx-n,ss-n,0.6484
386111,fx-o,fx-o,0.9935
14946,fx-ex,fx-ex,0.9974
163007,is-s,is-s,0.9605
62311,ss-i,ss-i,0.6991
71120,ss-i,ss-u,0.3868
35836,fx-o,fx-o,0.9733
168878,fx-m,fx-m,0.9694
160017,ss-u,ss-u,0.9873
372939,is-w,is-w,0.9937
188886,fx-o,fx-o,0.9804
73454,is-e,fx-ex,0.5917
65340,ss-u,ss-u,0.8468
23859,is-k,is-k,0.9393
165070,fx-el,fx-el,0.7294
414752,m-sp,m-sp,0.7709
10521,is-p,is-p,0.9982
353207,fx-o,fx-o,0.9544
148355,fx-o,fx-o,0.7284
27503,fx-ex,fx-ex,0.9003
102348,m-sp,m-sp,0.9404
356451,is-w,is-w,0.9976
254644,m-m,m-m,0.9578
377137,fx-h,fx-h,0.9881
429057,m-si,m-si,0.9765
161967,sp-s,sp-p,0.9304
153670,is-s,is-s,0.9895
79391,fx-o,fx-o,0.9754
10502,is-p,is-p,0.9977
187135,fx-v,fx-v,0.6132
96158,fx-m,fx-m,0.981
128833,is-s,is-s,0.9801
371157,m-sp,m-sp,0.9297
26070,ss-u,ss-u,0.9892
40405,m-si,m-si,0.9174
15923,fx-h,fx-h,0.5461
407932,fx-el,m-si,0.4468
61778,sp-s,sp-s,0.9912
164175,ss-u,ss-u,0.8109
152351,ss-u,fx-v,0.6554
38943,m-sp,m-sp,0.5945
51479,m-sp,is-p,0.8709
55959,is-s,is-s,0.9899
11926,is-s,is-s,0.8471
118275,fx-v,ss-u,0.816
158971,fx-o,fx-o,0.5025
160379,m-sp,m-sp,0.8183
40903,m-sp,m-sp,0.61
67744,sp-s,sp-s,0.9971
85694,fx-o,fx-o,0.941
50196,fx-h,fx-h,0.8849
271514,is-s,is-s,0.9827
383688,is-s,is-s,0.9909
24103,fx-o,fx-o,0.976
73753,ss-u,fx-a,0.9599
109152,ss-u,fx-m,0.9494
29004,fx-el,fx-el,0.995
104430,ss-n,ss-n,0.7665
161250,fx-ex,m-sp,0.8771
216534,sp-s,sp-s,0.9976
84099,is-p,is-p,0.9978
247166,is-w,is-w,0.9981
33189,is-s,is-s,0.9892
199880,fx-o,fx-o,0.9759
121017,m-si,m-si,0.918
109622,fx-h,fx-h,0.9786
247511,is-s,is-s,0.988
50250,fx-h,fx-h,0.7535
59509,ss-i,ss-i,0.6528
164164,ss-n,ss-u,0.5912
143613,fx-m,fx-m,0.5017
29028,fx-el,fx-el,0.9965
233807,m-sp,m-sp,0.9579
152105,is-p,is-p,0.9975
50189,fx-h,fx-h,0.9636
32870,fx-n,fx-o,0.54
57519,fx-o,fx-o,0.9466
27071,m-m,m-m,0.9308
78737,m-sp,m-m,0.5571
45022,is-e,is-p,0.7026
69338,fx-h,fx-h,0.985
61321,m-m,m-m,0.9912
24642,ss-n,fx-a,0.3545
270718,m-si,m-si,0.9556
35289,ss-u,ss-u,0.9334
42368,ss-u,ss-u,0.9775
204179,is-w,is-w,0.9934
273994,fx-n,fx-n,0.93
79277,m-m,ss-n,0.5678
268011,sp-s,sp-s,0.99
161933,fx-a,ss-n,0.5664
249847,sp-c,sp-c,0.9397
235190,is-s,m-si,0.8266
169933,fx-m,fx-m,0.4404
57503,fx-o,fx-o,0.9954
377584,fx-h,fx-h,0.9893
259590,m-m,m-sp,0.984
62256,fx-a,fx-a,0.8781
45125,sp-s,sp-s,0.8705
157642,ss-u,ss-u,0.893
26269,ss-u,m-m,0.7344
96462,ss-i,ss-i,0.3869
204003,fx-m,fx-m,0.7609
4854,m-sp,m-sp,0.9516
186944,fx-a,ss-n,0.707
241517,sp-p,sp-s,0.9705
427196,m-si,m-si,0.8659
152331,m-si,m-si,0.8534
371151,m-si,m-si,0.9515
192092,ss-n,ss-u,0.8895
40446,m-si,m-si,0.9227
84103,is-p,is-p,0.9977
327133,fx-o,fx-o,0.9384
45987,fx-v,ss-u,0.5573
358306,is-s,is-s,0.9863
326959,fx-o,fx-o,0.97
191849,fx-o,fx-o,0.9239
138768,is-p,is-p,0.9987
153738,is-s,is-s,0.9875
52758,fx-o,fx-m,0.5997
137602,is-p,is-p,0.9986
76648,sp-s,sp-s,0.6584
247234,is-w,is-w,0.9977
105831,is-e,is-e,0.9962
127590,ss-u,ss-u,0.6533
245200,fx-o,fx-o,0.9954
372481,m-si,m-si,0.577
56950,fx-n,fx-n,0.9054
153690,is-s,is-s,0.9891
423106,fx-n,fx-el,0.5966
239333,fx-m,fx-m,0.9866
10088,sp-s,sp-s,0.982
211707,fx-n,fx-el,0.9115
140151,fx-m,fx-m,0.9529
167538,m-si,m-si,0.9276
235114,sp-s,sp-s,0.9931
30033,ss-i,ss-i,0.7052
91077,sp-s,sp-s,0.9932
343945,fx-h,fx-h,0.9946
2889,is-e,is-e,0.9946
356584,is-w,is-w,0.9962
412806,m-sp,m-sp,0.9191
126334,ss-u,ss-u,0.7342
357663,is-w,is-w,0.9965
143956,fx-o,fx-o,0.9936
341199,fx-v,fx-v,0.7721
71864,ss-u,ss-u,0.936
91978,ss-u,ss-u,0.6425
166793,ss-u,fx-el,0.5078
167448,sp-p,sp-s,0.7486
44359,m-si,m-si,0.9316
137919,sp-p,sp-p,0.9923
154223,is-w,is-w,0.9971
28856,fx-el,is-e,0.8581
371382,sp-s,sp-s,0.7237
383368,fx-o,fx-o,0.9348
156710,sp-s,sp-s,0.9939
356130,is-s,is-s,0.9884
121132,fx-n,fx-n,0.803
220585,m-m,m-si,0.8056
411542,sp-c,sp-c,0.9125
149180,m-sp,m-sp,0.9812
18172,fx-o,fx-o,0.9947
120669,sp-p,sp-p,0.9933
243415,m-sp,m-sp,0.985
260623,m-sp,fx-o,0.835
127562,fx-n,fx-n,0.8196
183809,is-s,is-s,0.9891
6833,m-si,m-si,0.646
182951,is-s,is-s,0.9883
256422,is-s,is-s,0.9897
428753,fx-h,fx-h,0.9834
11546,fx-o,fx-o,0.984
90290,fx-ex,fx-h,0.7489
178434,m-m,m-m,0.9846
343418,m-si,m-si,0.9435
3901,ss-s,is-e,0.4563
334468,sp-s,sp-s,0.9778
135844,m-m,m-m,0.9869
334088,m-si,m-si,0.9538
131022,fx-o,fx-o,0.9895
94632,ss-u,ss-u,0.9172
48058,fx-ex,fx-ex,0.8696
102100,fx-h,fx-h,0.9886
29713,fx-o,fx-o,0.9951
360786,fx-o,fx-o,0.808
56075,is-s,is-s,0.9788
356505,is-w,is-w,0.9969
10873,is-w,is-w,0.995
144342,sp-p,sp-p,0.9933
348654,m-sp,m-sp,0.8902
81272,fx-n,ss-n,0.7375
169072,fx-o,fx-o,0.9807
112175,m-m,m-m,0.9874
84074,is-p,is-p,0.9976
270753,m-sp,m-sp,0.9498
156730,sp-s,sp-s,0.9378
23078,m-m,m-m,0.9346
91991,fx-m,fx-m,0.4834
27313,m-m,m-m,0.8132
146464,is-p,is-p,0.9974
47285,sp-s,sp-s,0.3179
28490,is-e,m-si,0.4597
114625,ss-i,sp-c,0.5303
186475,fx-o,fx-o,0.7619
247019,is-w,is-w,0.9977
40980,is-e,is-e,0.9922
53944,m-si,m-si,0.7984
316084,is-k,is-k,0.9414
199037,m-sp,m-sp,0.8848
191517,fx-h,fx-h,0.9813
62892,ss-i,ss-u,0.8672
382833,is-p,is-p,0.997
153661,is-s,is-s,0.9759
39160,is-k,is-k,0.8833
331365,m-si,m-si,0.952
38271,is-p,is-e,0.5503
114168,sp-p,sp-p,0.8132
343947,fx-h,fx-h,0.9921
76251,ss-u,ss-u,0.8086
55730,ss-u,ss-u,0.9583
12982,m-si,m-si,0.6431
67647,sp-p,sp-p,0.993
256417,fx-o,fx-o,0.9528
16026,m-sp,fx-el,0.8172
484620,m-si,m-si,0.466
94759,fx-o,fx-o,0.9775
147095,ss-i,sp-p,0.9429
374571,is-s,is-s,0.9881
22518,ss-i,ss-i,0.817
76663,fx-h,fx-h,0.5182
74479,ss-u,ss-u,0.7686
234577,fx-n,fx-o,0.5483
386574,fx-n,fx-n,0.8274
84575,m-si,ss-s,0.4365
134006,is-s,is-s,0.4963
29493,fx-el,fx-el,0.984
111015,fx-a,fx-a,0.8609
110327,fx-v,ss-u,0.8655
33648,is-p,is-p,0.9967
35623,fx-o,fx-o,0.9886
108660,is-p,m-sp,0.8389
86439,sp-s,sp-s,0.9926
130088,fx-v,ss-u,0.7039
193814,fx-ex,sp-p,0.7374
140821,fx-h,ss-u,0.9209
189419,sp-s,sp-s,0.9977
163059,m-m,m-m,0.8457
2611,m-si,m-si,0.9197
329734,m-si,m-si,0.9734
109083,fx-n,fx-n,0.7737
168307,fx-o,fx-o,0.9871
157596,fx-n,ss-u,0.4421
116223,fx-a,fx-a,0.948
109115,fx-n,fx-n,0.7543
27928,ss-n,fx-a,0.6347
59461,fx-h,fx-h,0.9231
249791,fx-h,fx-h,0.6611
136947,is-s,is-s,0.9887
348872,is-p,is-p,0.997
179907,fx-v,ss-u,0.7367
157432,is-p,fx-el,0.4467
30941,fx-h,fx-h,0.9888
223051,fx-o,fx-m,0.4931
22099,fx-m,fx-m,0.8599
232723,m-si,m-si,0.8551
137394,fx-o,fx-o,0.9729
110379,fx-v,ss-u,0.5872
28106,m-sp,m-sp,0.7971
248856,is-w,is-w,0.995
30192,m-si,m-m,0.9452
358074,is-s,is-s,0.9851
52180,fx-o,fx-o,0.9924
411179,fx-o,fx-o,0.9921
167196,ss-s,ss-s,0.9948
423493,fx-n,fx-n,0.9748
17353,ss-n,ss-n,0.6173
150345,ss-i,ss-i,0.6522
113576,ss-n,ss-n,0.4966
36777,is-p,is-p,0.9957
369082,is-p,is-p,0.539
10956,is-w,is-w,0.9965
163728,fx-h,fx-h,0.8916
23498,fx-h,sp-s,0.591
42199,fx-n,fx-h,0.5815
272392,fx-n,fx-n,0.9805
10974,is-w,is-w,0.9937
386521,fx-h,fx-h,0.8849
156740,sp-s,sp-s,0.9934
49089,fx-n,fx-n,0.858
70374,fx-o,fx-o,0.985
51415,fx-n,fx-n,0.5954
366049,fx-o,fx-o,0.9864
280220,fx-n,fx-n,0.9546
151150,ss-i,ss-u,0.8746
359563,is-w,is-w,0.8493
95035,ss-n,ss-n,0.9399
125271,is-p,m-sp,0.7747
13015,m-si,m-si,0.5057
148563,is-k,is-k,0.9455
146642,is-p,is-p,0.998
466685,m-m,m-m,0.9717
63737,ss-u,sp-s,0.3464
42247,is-s,is-s,0.9867
15925,fx-h,fx-h,0.4764
386306,fx-m,fx-o,0.4918
95389,m-m,m-m,0.8432
44050,fx-o,fx-o,0.5291
63045,is-e,fx-el,0.9908
107163,m-sp,m-sp,0.8452
125071,fx-n,fx-n,0.6997
88837,fx-o,fx-o,0.9375
400113,fx-o,fx-o,0.9606
107274,fx-m,fx-m,0.8468
31529,fx-h,fx-h,0.9395
50318,fx-h,fx-h,0.5039
24274,m-sp,is-p,0.4135
76293,m-si,m-si,0.7198
112460,is-p,is-p,0.9963
10774,is-w,is-w,0.9941
31581,ss-n,fx-a,0.6232
6985,fx-o,fx-o,0.97
36503,is-e,is-p,0.623
175507,fx-h,m-si,0.6775
433985,fx-o,fx-o,0.9947
54773,is-e,is-e,0.9611
353923,fx-h,fx-h,0.9855
2994,is-e,is-e,0.9662
418751,m-sp,m-sp,0.9488
36852,m-m,m-sp,0.517
45078,is-p,is-p,0.9965
211872,fx-el,sp-s,0.5566
160533,ss-i,sp-p,0.3224
447425,m-m,m-sp,0.9638
92993,ss-u,ss-i,0.487
216376,fx-o,fx-m,0.778
92019,fx-o,fx-o,0.9667
121203,fx-a,fx-a,0.6718
333441,fx-n,ss-n,0.5256
150968,fx-h,fx-h,0.9937
332302,fx-h,fx-h,0.9896
391691,fx-n,fx-n,0.7977
166963,fx-n,fx-n,0.8767
66592,ss-i,ss-i,0.7201
177240,fx-v,ss-u,0.392
61763,sp-s,sp-s,0.9917
40387,m-sp,m-sp,0.3804
357333,is-w,is-w,0.9984
367823,fx-h,fx-h,0.9642
15226,fx-h,fx-h,0.8801
10568,is-p,is-p,0.9968
22181,is-e,is-e,0.5284
137081,fx-o,fx-o,0.9708
416507,fx-h,sp-c,0.4937
424128,m-si,m-si,0.8827
42344,sp-p,sp-p,0.9649
232626,m-si,is-e,0.3214
116358,is-p,is-k,0.9542
278896,sp-s,sp-p,0.814
168483,fx-n,fx-n,0.926
199235,m-sp,m-sp,0.8852
355969,is-s,is-s,0.9884
185561,m-sp,fx-el,0.6963
111403,fx-a,fx-a,0.8001
4754,fx-el,fx-el,0.8121
419212,m-sp,m-sp,0.9902
1925,fx-h,fx-h,0.9948
382950,fx-m,fx-m,0.5006
174368,sp-s,sp-s,0.9978
257862,sp-c,sp-c,0.8459
60695,m-si,m-si,0.9495
119907,fx-o,fx-o,0.9907
81297,ss-s,ss-s,0.9962
41425,is-p,is-p,0.9928
477022,m-m,m-m,0.7826
326243,fx-o,fx-o,0.9747
44276,m-sp,m-sp,0.9899
357740,is-w,is-w,0.997
160532,ss-u,ss-u,0.5331
173691,is-k,is-k,0.92
57910,m-si,m-si,0.9408
30136,is-s,is-s,0.8608
373720,is-k,is-k,0.9385
61181,fx-v,ss-u,0.6194
51247,is-p,m-sp,0.9683
143960,fx-v,fx-v,0.5796
114068,fx-v,ss-u,0.5085
28758,is-p,is-p,0.9845
46275,fx-o,fx-o,0.6352
64190,ss-n,fx-o,0.2413
234092,fx-n,fx-n,0.9812
330884,m-si,is-e,0.4171
30133,fx-h,fx-h,0.9622
353036,fx-h,fx-o,0.9359
247634,is-s,is-s,0.9835
411737,fx-o,fx-o,0.928
358690,is-w,is-w,0.9954
220601,m-sp,m-sp,0.9729
152997,fx-h,fx-h,0.9723
58406,ss-i,ss-i,0.5991
236531,sp-s,sp-s,0.9951
77684,m-sp,m-sp,0.8414
335930,fx-o,fx-o,0.9859
5803,is-e,is-e,0.6304
31483,m-si,m-si,0.5951
120386,ss-i,ss-u,0.8405
146945,m-sp,m-sp,0.8596
144133,m-m,m-m,0.9929
145215,m-si,m-si,0.8365
137908,sp-p,sp-p,0.9908
184636,ss-u,ss-u,0.9618
333360,sp-p,sp-s,0.7942
422137,m-si,fx-o,0.5294
92964,sp-s,sp-s,0.9982
36321,ss-i,sp-c,0.9053
160981,fx-ex,is-e,0.401
48073,fx-ex,fx-ex,0.839
182878,fx-m,fx-m,0.6328
56938,fx-n,ss-u,0.6064
494131,m-m,m-sp,0.6779
141188,sp-s,sp-s,0.9957
61741,sp-s,sp-s,0.9938
44535,sp-c,ss-u,0.4903
19200,fx-h,fx-h,0.9865
181188,fx-v,fx-v,0.8866
105475,is-e,is-e,0.9934
4166,fx-ex,fx-ex,0.5584
355218,is-w,is-w,0.9971
179661,sp-p,sp-p,0.8215
3418,m-sp,m-sp,0.5165
367052,fx-o,fx-o,0.9546
137582,is-p,is-p,0.9987
261512,fx-ex,m-si,0.3354
270405,fx-el,fx-o,0.971
34667,sp-p,sp-p,0.9948
45950,m-sp,m-sp,0.9163
86352,is-p,is-p,0.8466
407943,fx-el,m-sp,0.7626
183934,sp-s,sp-s,0.9917
259681,sp-s,fx-h,0.4812
24126,m-sp,is-p,0.4771
143293,sp-p,ss-u,0.7548
49850,ss-n,fx-a,0.5305
86394,sp-s,sp-s,0.9969
93964,fx-o,fx-o,0.9939
12871,fx-o,fx-o,0.9925
22953,fx-v,fx-v,0.97
98948,m-si,m-si,0.9075
444,is-p,is-p,0.9974
180661,fx-v,ss-u,0.5386
96769,ss-s,ss-s,0.9927
352638,fx-n,fx-n,0.9617
81246,is-p,is-p,0.9979
331428,fx-o,fx-o,0.5665
178669,fx-o,fx-o,0.9703
148243,is-s,is-s,0.9715
347947,fx-n,fx-o,0.7514
48603,sp-c,sp-c,0.7899
2766,fx-el,fx-ex,0.493
59455,fx-h,fx-h,0.9242
430821,m-sp,m-sp,0.986
145082,ss-n,fx-a,0.5474
26499,is-e,is-e,0.9939
33697,fx-v,fx-v,0.9681
6023,m-sp,m-sp,0.9683
64486,m-m,m-m,0.5498
75024,is-p,is-p,0.9978
39086,m-si,m-si,0.9207
434339,fx-o,fx-o,0.9934
356490,is-w,is-w,0.996
161642,fx-a,fx-a,0.8895
433545,m-sp,m-sp,0.9887
153951,is-s,is-s,0.9945
40073,m-sp,m-sp,0.7985
43983,m-sp,m-sp,0.9739
246731,is-s,is-s,0.9872
45603,fx-h,fx-h,0.8808
93880,sp-s,sp-s,0.9966
247492,is-s,is-s,0.9868
61738,sp-s,sp-s,0.9947
113129,fx-o,fx-o,0.9944
86457,sp-s,sp-s,0.9967
75254,fx-n,fx-n,0.4946
38205,m-si,m-si,0.9268
237516,m-si,m-si,0.8498
250696,fx-o,fx-o,0.9757
8008,fx-el,fx-h,0.83
39441,fx-n,fx-n,0.903
380100,fx-h,fx-h,0.9882
114437,ss-n,ss-n,0.7288
24282,is-s,is-s,0.9887
239830,is-s,is-s,0.925
276894,sp-s,sp-s,0.9866
40032,m-sp,m-si,0.8333
171200,sp-p,sp-p,0.9733
219253,m-sp,m-sp,0.9297
204144,fx-o,fx-o,0.9929
239164,fx-m,fx-m,0.9765
366760,fx-o,fx-o,0.9822
92956,sp-s,sp-s,0.9977
325858,fx-o,fx-o,0.9601
373876,is-s,is-s,0.9909
40499,m-si,m-si,0.8372
109544,fx-o,fx-o,0.9705
21892,ss-u,ss-u,0.9554
175415,fx-o,fx-h,0.6168
177229,m-si,m-si,0.6689
480889,m-m,m-sp,0.7151
35722,m-si,m-sp,0.6655
334991,fx-o,fx-o,0.9818
81029,fx-n,fx-n,0.9727
372776,is-s,is-s,0.9837
86414,sp-s,sp-s,0.9892
74517,fx-m,fx-o,0.8539
120456,ss-s,is-e,0.8643
31251,ss-n,ss-n,0.6943
147921,ss-u,ss-u,0.9721
111796,is-e,is-e,0.9917
373655,is-w,is-w,0.997
36232,ss-s,ss-s,0.7989
381274,m-m,m-m,0.9686
477036,m-si,m-si,0.5447
89675,ss-u,ss-u,0.4884
239862,is-s,is-s,0.9727
68148,fx-n,ss-n,0.5171
183181,fx-a,fx-a,0.7938
93909,is-p,is-p,0.9979
396887,fx-h,fx-h,0.9904
189379,sp-s,sp-s,0.9964
137708,fx-o,fx-o,0.9899
116921,is-w,is-w,0.9441
357515,is-w,is-w,0.9977
88903,fx-o,fx-o,0.9954
59310,m-sp,m-sp,0.8684
354686,is-w,is-w,0.9972
198256,fx-h,fx-h,0.9874
155423,fx-n,fx-n,0.3889
155770,ss-u,fx-v,0.4849
93645,sp-p,ss-u,0.4507
61734,sp-s,sp-s,0.9922
168059,fx-o,fx-o,0.7394
326412,fx-m,fx-m,0.8737
211159,fx-o,fx-o,0.9723
137936,sp-p,sp-p,0.986
374856,is-w,is-w,0.9971
49317,m-sp,m-sp,0.5429
149944,fx-v,ss-u,0.9926
182984,is-s,is-s,0.9922
66622,fx-m,fx-m,0.9332
37349,fx-n,fx-n,0.5418
419201,m-sp,m-sp,0.9901
412332,m-si,is-k,0.9438
258102,sp-s,sp-p,0.9942
250378,fx-o,fx-o,0.9934
11054,is-w,is-w,0.9965
21386,is-p,is-p,0.991
390939,fx-o,fx-o,0.985
32245,fx-ex,fx-a,0.893
32600,fx-o,fx-o,0.9799
239256,fx-h,sp-c,0.8834
10773,is-w,is-w,0.9934
58188,m-si,m-si,0.928
124829,sp-s,sp-s,0.8941
50310,fx-h,fx-h,0.9885
10888,is-w,fx-o,0.7701
8729,is-e,is-e,0.9751
262442,m-si,m-si,0.9091
363061,is-s,is-s,0.9647
153659,is-s,is-s,0.9797
120130,m-si,m-si,0.9173
357992,is-s,is-s,0.9891
117498,fx-a,ss-n,0.7625
68664,fx-o,fx-o,0.9946
208695,fx-o,fx-o,0.633
371652,fx-n,fx-o,0.8215
25067,fx-m,fx-m,0.8039
350679,fx-ex,fx-ex,0.9953
428321,m-sp,m-sp,0.9884
233501,fx-m,fx-m,0.6292
168067,ss-u,ss-n,0.5184
142799,is-p,is-p,0.9987
329963,fx-o,is-k,0.9188
125561,ss-i,ss-u,0.8838
138810,is-p,is-p,0.999
247806,is-s,is-s,0.9849
54256,m-si,m-si,0.8107
172245,m-m,m-m,0.5325
160314,fx-ex,ss-s,0.7553
184879,sp-c,sp-s,0.82
359449,is-w,is-w,0.9937
208664,fx-o,fx-o,0.9447
46593,m-si,fx-el,0.3869
171973,fx-h,fx-h,0.988
125065,fx-o,is-p,0.7883
16204,fx-h,fx-h,0.9918
13062,m-si,m-si,0.6498
10542,is-p,is-e,0.7536
209,fx-n,fx-n,0.9475
405699,fx-o,fx-o,0.9953
6960,m-sp,m-sp,0.7975
68408,ss-s,ss-s,0.9938
189337,fx-n,ss-n,0.7071
372676,is-w,is-w,0.9939
343981,fx-h,fx-h,0.9889
92138,ss-s,ss-s,0.9939
17127,m-sp,fx-o,0.8707
425676,fx-o,fx-o,0.9716
153837,is-s,is-s,0.9894
52630,ss-u,ss-n,0.5666
128705,ss-n,ss-n,0.8057
57475,fx-o,fx-o,0.9903
114203,fx-o,fx-o,0.8193
109845,sp-s,sp-s,0.996
371786,fx-o,fx-o,0.9827
193673,fx-h,fx-h,0.9818
124486,ss-n,ss-u,0.6549
110159,sp-p,sp-p,0.9728
120661,sp-p,sp-p,0.9896
18515,ss-n,ss-n,0.5042
168123,fx-el,fx-el,0.8494
221599,sp-s,sp-s,0.9955
49538,fx-o,fx-o,0.9763
193761,fx-n,fx-n,0.7853
81996,is-e,is-e,0.9886
13252,is-p,is-p,0.9973
167525,ss-i,ss-i,0.5643
105845,is-e,is-e,0.9957
381506,is-k,is-k,0.9457
124922,m-m,m-sp,0.8869
213985,fx-o,fx-o,0.9923
69690,m-si,fx-el,0.4626
404317,fx-n,ss-n,0.9821
254868,fx-h,fx-h,0.9822
20453,m-sp,m-sp,0.9803
103355,sp-p,m-si,0.9487
36047,ss-u,ss-u,0.965
99891,sp-s,sp-s,0.9945
34074,fx-a,fx-a,0.953
162666,fx-a,ss-u,0.7021
386734,fx-el,fx-el,0.541
87289,fx-n,ss-n,0.5915
72277,ss-s,ss-s,0.9934
199757,fx-n,fx-n,0.3417
71104,fx-el,sp-p,0.966
15239,fx-ex,fx-ex,0.9944
324205,is-s,is-s,0.6964
274097,fx-n,fx-n,0.93
117415,fx-o,fx-o,0.9919
246840,is-s,is-s,0.9853
11017,is-w,is-w,0.9956
223006,m-m,m-m,0.618
47371,fx-h,fx-h,0.9851
382336,is-k,is-k,0.9075
395631,fx-h,fx-h,0.9876
81689,is-p,is-p,0.9944
337824,m-sp,m-sp,0.5818
135719,fx-n,fx-n,0.6058
146519,is-p,is-p,0.9982
391686,fx-n,fx-n,0.831
20929,m-si,is-w,0.9298
208849,ss-u,fx-n,0.7324
76097,fx-h,fx-h,0.9809
86388,sp-s,sp-s,0.9962
101572,fx-o,fx-o,0.8992
420266,m-sp,m-sp,0.9802
257813,ss-u,fx-h,0.9883
14990,fx-ex,fx-ex,0.9972
382940,fx-o,fx-o,0.9858
257867,ss-u,sp-c,0.6881
158597,ss-u,ss-u,0.9361
131131,fx-v,ss-u,0.9585
355216,is-w,is-w,0.9956
23086,ss-u,ss-n,0.4937
121560,sp-p,sp-p,0.9645
167167,fx-o,fx-o,0.9873
220568,m-si,m-si,0.7592
72838,fx-h,fx-h,0.988
10539,is-p,is-e,0.6452
117978,is-p,is-p,0.9963
171456,fx-n,fx-n,0.7881
241579,sp-s,sp-s,0.9935
96104,is-p,is-p,0.9968
64293,is-e,is-e,0.9953
388284,fx-n,fx-n,0.9567
156850,ss-u,ss-u,0.6331
186423,fx-o,ss-i,0.7446
247757,is-s,is-s,0.9845
31754,fx-n,ss-n,0.9334
337001,fx-h,fx-h,0.9936
76814,fx-h,fx-h,0.9825
97023,ss-s,ss-s,0.9883
26509,is-e,is-e,0.9916
23965,m-si,m-si,0.4041
114332,ss-i,sp-p,0.7244
55993,is-s,is-s,0.9914
115236,ss-i,sp-s,0.5618
61716,sp-s,sp-s,0.9857
26942,sp-s,sp-s,0.9926
135835,ss-n,ss-n,0.8254
87634,sp-s,sp-s,0.5304
325013,is-p,is-p,0.9879
52179,fx-o,fx-o,0.9851
426204,fx-o,fx-o,0.9804
357004,is-w,is-w,0.9961
17422,fx-o,fx-o,0.9855
161317,m-sp,m-sp,0.9053
76813,fx-h,fx-h,0.9791
360091,is-w,is-w,0.9973
354892,is-w,is-w,0.996
61399,m-sp,fx-o,0.7955
244339,m-sp,m-sp,0.9006
166322,fx-n,fx-n,0.9774
340520,fx-o,fx-m,0.9619
131174,fx-v,ss-u,0.9556
56909,ss-i,ss-i,0.7804
119562,m-si,m-si,0.9133
236680,sp-s,sp-s,0.9926
18562,m-si,is-e,0.3958
236443,sp-s,sp-s,0.9973
91762,fx-o,fx-o,0.6654
42195,ss-u,ss-u,0.9927
147271,m-sp,m-sp,0.906
54901,fx-v,fx-v,0.9575
40444,m-si,m-si,0.776
73716,ss-n,ss-n,0.9929
340660,fx-o,fx-m,0.9271
1888,m-sp,m-m,0.4173
327495,fx-o,fx-o,0.9924
71705,sp-c,sp-c,0.8596
140660,is-p,is-p,0.9983
44650,m-si,m-si,0.6598
162947,is-s,is-s,0.957
360790,fx-o,fx-o,0.9799
91232,fx-m,fx-o,0.5734
391214,fx-a,ss-u,0.9426
50424,ss-i,ss-i,0.4686
26189,fx-n,fx-n,0.4115
127612,fx-n,fx-n,0.9432
47142,fx-o,fx-o,0.9831
173888,ss-u,sp-c,0.619
92137,ss-s,ss-s,0.9953
41360,sp-s,sp-s,0.8559
123294,m-sp,m-sp,0.8508
202009,fx-o,fx-o,0.9652
2431,m-si,is-s,0.9587
239573,fx-ex,fx-ex,0.8566
247517,is-s,is-s,0.9882
433887,fx-n,fx-o,0.8448
362196,is-w,is-w,0.9921
50273,fx-h,fx-h,0.9098
41188,ss-n,ss-n,0.6437
61737,sp-s,sp-s,0.9805
93315,fx-n,ss-n,0.8371
429857,m-si,m-si,0.9692
193818,fx-ex,sp-p,0.9488
31585,fx-h,fx-o,0.9176
11608,sp-p,sp-p,0.9921
54329,m-si,is-e,0.5902
44704,sp-s,sp-s,0.9968
15802,m-sp,m-sp,0.4842
101375,m-si,m-si,0.8214
41049,m-sp,m-sp,0.8373
99232,ss-n,ss-n,0.7546
153760,is-s,is-s,0.9883
153675,is-s,is-s,0.9902
4581,m-sp,m-sp,0.9601
110410,fx-o,is-p,0.9849
360694,fx-o,fx-o,0.9811
192653,fx-a,fx-a,0.6745
273309,sp-p,sp-p,0.776
59970,fx-ex,fx-el,0.9242
6070,m-sp,m-sp,0.9668
165611,ss-i,sp-c,0.9046
375552,is-p,is-p,0.9955
390250,ss-n,ss-n,0.7597
387760,is-p,is-p,0.9969
60589,fx-n,fx-n,0.7814
42,fx-o,fx-o,0.9735
93899,sp-s,sp-s,0.9922
28385,m-m,m-m,0.9617
1405,is-s,m-si,0.7218
101459,ss-n,ss-u,0.7071
366173,fx-ex,fx-ex,0.9985
73723,ss-n,ss-n,0.9585
156782,sp-s,sp-s,0.9892
167179,m-sp,m-sp,0.9325
27132,ss-u,ss-u,0.963
26213,fx-v,fx-v,0.9584
100029,sp-s,sp-s,0.977
367095,fx-o,fx-o,0.8798
354435,is-w,is-w,0.9973
10784,is-w,is-w,0.9718
149216,fx-m,fx-o,0.4769
109625,fx-h,fx-h,0.9546
338426,fx-o,fx-o,0.9709
214863,m-si,m-si,0.2921
402128,fx-n,fx-o,0.5138
62280,fx-n,ss-n,0.6982
64387,fx-h,sp-c,0.8058
160519,fx-h,ss-u,0.8016
434790,fx-h,fx-h,0.7016
105468,is-e,is-e,0.9969
117228,sp-p,ss-u,0.3969
142821,is-p,is-p,0.9984
62031,fx-v,ss-u,0.7631
40900,m-sp,m-sp,0.5501
5302,is-e,is-e,0.9938
126528,sp-p,sp-p,0.732
343427,fx-el,fx-o,0.7364
117233,sp-p,sp-p,0.917
275069,fx-o,fx-el,0.7977
358468,is-w,is-w,0.9972
362665,sp-s,sp-s,0.9919
345955,fx-m,fx-o,0.6015
50174,fx-h,fx-ex,0.7952
315856,is-e,fx-ex,0.7642
104498,m-sp,m-sp,0.9689
172452,m-si,ss-u,0.5602
196063,fx-h,fx-h,0.9895
85874,fx-n,fx-o,0.5803
64676,m-si,m-si,0.8825
24834,is-p,is-p,0.9961
3838,is-e,is-e,0.7773
96954,ss-n,ss-n,0.97
349289,fx-h,fx-h,0.9835
33629,fx-o,fx-o,0.9812
32395,m-si,m-m,0.4851
337762,m-si,m-si,0.4591
156797,sp-s,sp-s,0.9924
26825,fx-o,fx-m,0.5218
73710,ss-n,ss-n,0.9055
28862,fx-el,fx-el,0.9977
33161,is-p,is-p,0.9962
57060,fx-a,fx-a,0.9381
343984,fx-h,fx-h,0.9892
143902,sp-p,sp-p,0.953
200906,m-si,m-si,0.8923
33903,sp-s,sp-s,0.9881
402937,fx-o,fx-o,0.9906
194364,fx-n,fx-n,0.9765
198362,fx-h,fx-h,0.9932
64181,fx-n,fx-n,0.6545
79031,fx-o,fx-o,0.9422
250705,fx-o,fx-o,0.9922
239791,is-s,is-s,0.9355
167434,fx-n,fx-n,0.6214
40901,m-sp,m-sp,0.5971
73581,m-si,m-si,0.9705
16601,fx-ex,fx-ex,0.5216
92345,fx-a,ss-n,0.687
19946,m-sp,m-sp,0.6873
363055,fx-n,fx-el,0.6467
126186,ss-n,ss-u,0.6083
61746,sp-s,sp-s,0.9911
18467,is-s,is-s,0.9933
354541,is-w,is-w,0.9975
58673,fx-h,fx-h,0.9881
109229,m-si,m-m,0.6823
54194,ss-u,ss-i,0.6338
33362,m-m,m-si,0.6679
273593,m-si,m-si,0.9088
26270,m-m,ss-u,0.6619
373868,is-s,is-s,0.9924
12911,is-p,is-p,0.9929
154410,fx-o,fx-o,0.9917
52307,fx-o,fx-o,0.9872
126042,fx-v,fx-v,0.9496
153667,is-s,is-s,0.9182
256423,is-s,is-s,0.9917
44569,fx-n,ss-u,0.5694
200210,is-p,is-p,0.9979
156722,sp-s,sp-s,0.7453
460197,m-si,m-si,0.9752
36743,fx-ex,fx-el,0.3235
60284,fx-ex,ss-s,0.7402
369238,fx-o,fx-o,0.9561
147150,sp-p,sp-p,0.9762
120903,m-m,m-m,0.8401
26688,is-p,is-e,0.5007
153095,is-p,is-p,0.9978
116876,is-w,m-si,0.5142
5180,m-sp,m-sp,0.9854
92951,sp-s,sp-s,0.9794
27860,ss-n,ss-n,0.3452
163432,fx-n,ss-n,0.9428
27587,m-sp,m-si,0.6229
39066,fx-m,fx-n,0.679
144232,fx-o,fx-o,0.9961
383576,is-s,is-s,0.9817
386541,sp-s,sp-s,0.9903
2982,is-e,ss-s,0.337
164181,fx-m,ss-u,0.3569
29018,is-p,fx-el,0.9959
47287,sp-s,sp-c,0.8629
265180,m-sp,m-sp,0.7882
386279,fx-m,fx-m,0.9376
212143,fx-n,fx-n,0.9775
2601,m-si,m-si,0.6722
55969,is-s,is-s,0.99
12993,m-si,m-si,0.5366
114151,sp-p,sp-p,0.9782
6183,is-e,fx-el,0.5434
35010,fx-o,fx-o,0.9799
10519,is-p,is-p,0.9981
78705,m-sp,m-sp,0.7652
26949,sp-s,sp-s,0.9906
358228,is-s,is-s,0.9861
374895,is-w,is-w,0.9969
61720,sp-s,sp-s,0.9925
113176,fx-n,fx-ex,0.309
365193,fx-o,fx-o,0.9962
163591,fx-m,fx-o,0.619
234118,fx-o,fx-o,0.6931
98208,m-m,m-m,0.7942
80621,sp-s,sp-s,0.9948
50677,ss-i,ss-i,0.7282
179506,ss-n,ss-n,0.756
334043,fx-h,fx-o,0.775
222393,m-sp,m-sp,0.9444
54121,m-sp,m-sp,0.7726
371570,m-sp,m-sp,0.9642
69702,fx-m,fx-m,0.6315
372686,is-w,is-w,0.9955
389447,fx-n,fx-o,0.9817
87526,ss-i,ss-i,0.7523
38195,fx-ex,m-si,0.4684
354942,is-w,is-w,0.9967
124693,fx-v,ss-u,0.6017
148944,fx-h,fx-h,0.9878
264103,fx-m,fx-o,0.4569
163272,sp-p,sp-p,0.8731
401560,sp-c,sp-c,0.8693
30044,fx-h,fx-h,0.9865
17093,fx-h,fx-h,0.9903
21688,fx-ex,fx-ex,0.5369
360256,is-w,is-w,0.9981
250997,sp-p,ss-i,0.6977
40430,m-si,m-si,0.8023
29530,fx-n,fx-n,0.9081
351598,fx-h,sp-c,0.3489
168769,m-sp,m-sp,0.8944
326102,fx-m,fx-m,0.7544
339651,fx-o,fx-o,0.6144
343952,sp-p,sp-s,0.4937
327914,fx-h,fx-h,0.9843
105525,is-e,is-e,0.9973
10939,is-w,is-w,0.9964
81366,ss-s,ss-s,0.9938
117894,fx-v,ss-u,0.9638
12967,m-si,m-si,0.7943
85135,fx-h,fx-h,0.9877
78762,m-sp,m-sp,0.6928
120483,ss-n,ss-u,0.76
359229,is-w,is-w,0.9956
137628,is-p,is-p,0.9983
62360,sp-p,sp-p,0.9945
417848,m-sp,m-sp,0.968
168069,ss-u,ss-u,0.9765
137576,is-p,is-p,0.9983
58926,ss-u,ss-u,0.7128
142099,is-p,is-p,0.9985
189361,sp-s,sp-s,0.9957
40618,m-si,m-si,0.9393
170482,ss-u,ss-i,0.5345
32180,fx-ex,fx-ex,0.9012
29371,fx-el,fx-el,0.9581
37175,fx-o,fx-o,0.9713
10864,is-w,is-w,0.9955
236982,fx-ex,fx-h,0.891
348886,is-p,is-p,0.9977
425403,ss-u,fx-h,0.9744
235126,sp-s,sp-s,0.9906
369904,fx-ex,sp-p,0.8421
40909,m-sp,m-sp,0.5452
82308,fx-v,fx-v,0.8432
357476,is-w,is-w,0.9983
167689,fx-o,fx-o,0.9809
27926,fx-a,fx-a,0.7554
72860,sp-s,sp-s,0.9981
35444,fx-el,fx-el,0.7738
142703,is-p,is-p,0.9975
173192,sp-p,sp-p,0.6418
187090,fx-v,ss-s,0.7008
56945,fx-n,fx-n,0.7043
339638,fx-o,is-p,0.5229
262862,m-m,m-m,0.8596
110584,fx-o,fx-o,0.9887
198263,fx-h,fx-h,0.9861
137419,is-p,is-p,0.998
202304,fx-a,fx-a,0.6522
107437,is-p,is-p,0.9673
50508,ss-s,ss-s,0.9444
100457,sp-p,sp-s,0.87
166260,fx-n,ss-n,0.9319
357323,is-w,is-w,0.9983
255319,m-m,m-m,0.9339
153871,is-s,is-s,0.9839
152448,m-sp,m-sp,0.9446
339935,ss-n,ss-n,0.6792
272192,sp-c,fx-h,0.485
126535,sp-p,sp-p,0.9641
86406,sp-s,sp-s,0.9917
332846,sp-s,sp-p,0.6573
93889,sp-s,sp-s,0.9967
196092,fx-h,fx-h,0.9958
179990,fx-h,fx-h,0.9874
263079,ss-u,fx-n,0.5749
237351,fx-h,fx-h,0.9939
86445,sp-s,sp-s,0.9957
44123,sp-c,ss-u,0.9384
341568,ss-u,ss-u,0.6099
28209,fx-h,fx-h,0.9419
236562,sp-s,sp-s,0.9972
144330,sp-p,sp-p,0.9939
324894,fx-h,fx-h,0.9924
156795,sp-s,sp-s,0.9652
277553,fx-h,fx-h,0.9881
114362,ss-i,ss-u,0.4036
168698,fx-n,ss-n,0.4003
428784,fx-h,fx-h,0.9861
350714,fx-h,fx-h,0.9888
156700,sp-s,sp-s,0.9935
92946,sp-s,sp-s,0.9979
61724,sp-s,sp-s,0.9939
197122,ss-i,ss-u,0.8148
275798,sp-s,sp-s,0.9934
92363,fx-h,fx-h,0.9538
60163,sp-c,fx-h,0.5066
115559,sp-p,sp-p,0.9882
99875,sp-s,sp-s,0.9977
26938,sp-s,sp-s,0.987
41714,fx-ex,ss-s,0.5922
61730,sp-s,sp-s,0.9953
4059,fx-h,fx-h,0.8638
114102,sp-p,sp-p,0.9328
336403,fx-h,fx-h,0.9639
131266,sp-s,sp-s,0.9467
31532,fx-h,fx-h,0.9126
104038,fx-h,fx-h,0.8434
93920,sp-s,sp-s,0.997
211022,fx-h,fx-h,0.8918
236428,sp-s,sp-s,0.9972
146926,fx-h,fx-h,0.9038
101319,fx-h,ss-u,0.7397
275012,sp-p,sp-p,0.9955
147096,sp-p,sp-p,0.9698
156823,sp-s,sp-s,0.9872
156809,sp-s,sp-s,0.9917
244500,fx-h,fx-h,0.9952
115611,sp-s,sp-s,0.9936
93886,sp-s,sp-s,0.9959
89318,sp-s,sp-s,0.9969
120675,sp-p,sp-p,0.9894
16672,fx-h,fx-h,0.9936
242904,fx-h,fx-h,0.9722
62781,fx-ex,fx-el,0.6311
344025,fx-h,fx-h,0.9895
385854,fx-h,fx-h,0.6689
241571,sp-s,sp-s,0.9942
115234,fx-h,fx-h,0.9798
82361,fx-h,fx-h,0.9761
7557,sp-s,sp-s,0.705
67644,sp-p,sp-p,0.9944
41980,ss-i,ss-i,0.5901
187762,sp-s,sp-s,0.9958
137910,sp-p,sp-p,0.991
114368,sp-p,sp-p,0.9593
120754,fx-h,fx-h,0.9692
112342,ss-i,ss-u,0.426
109856,sp-s,sp-s,0.9957
239586,fx-h,fx-h,0.7341
266431,fx-h,ss-i,0.3619
241574,fx-h,fx-h,0.9384
156758,sp-s,sp-s,0.9905
95800,sp-s,sp-s,0.9976
236626,sp-s,sp-s,0.996
72842,fx-h,fx-h,0.9902
93894,sp-s,sp-s,0.9953
241551,fx-h,sp-s,0.5457
50328,fx-ex,fx-h,0.9151
32863,fx-h,fx-h,0.9935
9669,fx-ex,fx-n,0.783
156713,sp-s,sp-s,0.9912
164689,fx-ex,sp-p,0.925
140845,sp-c,ss-i,0.4052
66599,ss-u,ss-u,0.7319
78491,sp-c,ss-i,0.4682
191201,ss-u,ss-i,0.6564
124686,sp-c,sp-c,0.7106
144328,sp-p,sp-p,0.9947
72839,fx-h,fx-h,0.9889
179601,ss-i,ss-i,0.6219
170584,sp-c,sp-c,0.94
75054,fx-h,fx-h,0.9952
71462,sp-c,ss-i,0.4286
44681,sp-c,ss-i,0.6843
133088,sp-c,ss-u,0.4404
45910,fx-h,fx-h,0.5617
127309,sp-c,sp-c,0.6141
74810,ss-u,ss-u,0.6039
151373,m-m,ss-u,0.6894
209989,fx-h,fx-h,0.9737
127303,fx-a,ss-n,0.621
102099,sp-c,sp-c,0.9428
30414,sp-c,ss-i,0.5154
191920,fx-h,fx-h,0.9697
149928,m-m,ss-u,0.927
354056,ss-u,ss-i,0.4346
89067,ss-i,ss-i,0.6728
100842,ss-i,ss-i,0.5038
72846,fx-h,fx-h,0.9843
47701,ss-i,sp-c,0.641
168440,sp-c,ss-u,0.7402
333411,fx-h,fx-h,0.9811
113323,ss-u,ss-i,0.3935
72837,fx-h,fx-h,0.9898
59449,ss-u,sp-c,0.5181
37803,fx-h,fx-h,0.9797
45914,fx-h,fx-h,0.9844
324103,fx-h,fx-h,0.982
91750,ss-u,ss-u,0.6603
59304,fx-h,fx-h,0.9892
170589,ss-u,sp-c,0.8328
15466,ss-u,sp-c,0.6202
329649,sp-p,sp-p,0.9904
44356,m-si,is-k,0.6489
29705,m-si,is-k,0.566
46046,m-si,m-si,0.9144
122492,is-k,is-e,0.9976
148491,is-k,is-k,0.9457
46044,is-k,is-e,0.9905
347724,m-si,m-si,0.9419
16499,is-k,is-k,0.4636
373683,is-k,is-k,0.9119
28631,is-k,is-k,0.9352
26978,m-si,m-si,0.9759
431907,m-m,m-m,0.9317
18335,m-si,is-k,0.9387
64828,m-si,m-si,0.5803
351935,m-si,is-k,0.8462
83129,is-k,is-k,0.9416
64819,m-si,m-si,0.7109
252322,m-m,m-m,0.9953
28605,is-k,is-k,0.9034
28587,is-k,is-k,0.9162
39176,is-k,is-k,0.9047
382495,is-k,is-k,0.9177
252469,m-si,m-m,0.8594
91427,ss-s,ss-s,0.995
373677,is-k,is-k,0.9082
465780,m-si,m-si,0.9062
23417,m-si,m-si,0.4719
196923,is-k,is-k,0.9306
148553,is-k,is-k,0.9456
148589,is-k,is-k,0.9265
270830,is-k,m-si,0.8093
382339,is-k,is-k,0.8943
23028,m-si,m-si,0.9646
1413,is-k,is-k,0.9149
382547,is-k,is-k,0.9199
148273,is-k,is-k,0.9378
277082,is-k,is-k,0.9178
148565,is-k,is-k,0.9376
28606,is-k,is-k,0.8983
39194,is-k,is-k,0.923
373728,is-k,is-k,0.9563
28610,is-k,is-k,0.8893
70827,is-k,is-k,0.9351
277125,is-k,is-k,0.9367
90428,ss-s,ss-s,0.9957
122485,is-e,is-e,0.9896
373704,is-k,is-k,0.9043
382487,is-k,is-k,0.9111
89662,ss-s,ss-s,0.9953
148427,is-k,is-k,0.933
89121,ss-s,ss-s,0.9952
148499,is-k,is-k,0.9385
373735,is-k,is-k,0.9559
68446,is-k,is-k,0.9097
245536,is-k,is-k,0.9426
91413,ss-s,ss-s,0.9959
28561,is-k,is-k,0.9264
148486,is-k,is-k,0.9382
28584,is-k,is-k,0.9048
401707,m-si,m-si,0.9278
89668,ss-s,ss-s,0.9948
382483,is-k,is-k,0.9193
65714,is-e,is-k,0.9236
11629,is-k,is-k,0.9197
65663,is-k,is-k,0.9176
92136,ss-s,ss-s,0.9942
148527,is-k,is-k,0.9295
15149,is-k,is-k,0.9029
89115,ss-s,ss-s,0.9942
205822,is-k,is-k,0.9443
28566,is-k,is-k,0.9115
92156,ss-s,ss-s,0.9953
89654,ss-s,ss-s,0.9959
148566,is-k,is-k,0.9485
148545,is-k,is-k,0.9331
373680,is-k,is-k,0.8928
148270,is-k,is-k,0.9349
65724,is-k,is-k,0.8987
173740,is-k,is-k,0.9202
148408,is-k,is-k,0.9402
